rad	period	x err	y err
-1.132028323	1.73	0.05	0.0020833
-1.065471994	1.73	0.05	0.0020833
-1.015625432	1.67	0.05	0.0020833
-0.976348576	1.73	0.05	0.0020833
-0.956132445	1.67	0.05	0.0020833
-0.927453218	1.67	0.05	0.0020833
-0.914752468	1.69	0.05	0.0020833
-0.877505428	1.68	0.05	0.0020833
-0.84982453	1.65	0.05	0.0020833
-0.825208427	1.68	0.05	0.0020833
-0.799950043	1.67	0.05	0.0020833
-0.774958695	1.64	0.05	0.0020833
-0.75179645	1.67	0.05	0.0020833
-0.732763	1.637876	0.05	0.0020833
-0.726145367	1.65	0.05	0.0020833
-0.711536974	1.65	0.05	0.0020833
-0.703919	1.651276	0.05	0.0020833
-0.688653981	1.63	0.05	0.0020833
-0.688143	1.629338	0.05	0.0020833
-0.681246	1.628185	0.05	0.0020833
-0.666712	1.647589	0.05	0.0020833
-0.639946	1.646587	0.05	0.0020833
-0.631779	1.63549	0.05	0.0020833
-0.590557	1.625727	0.05	0.0020833
-0.574835	1.617699	0.05	0.0020833
-0.563943	1.61244	0.05	0.0020833
-0.515487	1.61096	0.05	0.0020833
-0.487492738	1.61	0.05	0.0020833
-0.482865	1.613729	0.05	0.0020833
-0.482352747	1.64	0.05	0.0020833
-0.468697303	1.6	0.05	0.0020833
-0.458527278	1.64	0.05	0.0020833
-0.451661158	1.61	0.05	0.0020833
-0.443276604	1.6	0.05	0.0020833
-0.434546474	1.62	0.05	0.0020833
-0.427580871	1.62	0.05	0.0020833
-0.419383066	1.6	0.05	0.0020833
-0.407392665	1.59	0.05	0.0020833
-0.407392665	1.64	0.05	0.0020833
-0.393316596	1.58	0.05	0.0020833
-0.388956767	1.63	0.05	0.0020833
-0.376242054	1.59	0.05	0.0020833
-0.376242054	1.63	0.05	0.0020833
-0.37344953	1.58	0.05	0.0020833
-0.366353027	1.61	0.05	0.0020833
-0.360101263	1.6	0.05	0.0020833
-0.35204483	1.64	0.05	0.0020833
-0.348123079	1.58	0.05	0.0020833
-0.338707035	1.6	0.05	0.0020833
-0.332580935	1.57	0.05	0.0020833
-0.332580935	1.57	0.05	0.0020833
-0.331682091	1.61	0.05	0.0020833
-0.331682091	1.61	0.05	0.0020833
-0.322976396	1.62	0.05	0.0020833
-0.322976396	1.62	0.05	0.0020833
-0.31692709	1.59	0.05	0.0020833
-0.311647473	1.6	0.05	0.0020833
-0.3090225	1.58	0.05	0.0020833
-0.307726573	1.612814564	0.05	0.0020833
-0.299754549	1.598004338	0.05	0.0020833
-0.297106564	1.609604736	0.05	0.0020833
-0.288632887	1.589697095	0.05	0.0020833
-0.279387478	1.59992237	0.05	0.0020833
-0.269160154	1.582485106	0.05	0.0020833
-0.266065622	1.600776522	0.05	0.0020833
-0.254878296	1.598172761	0.05	0.0020833
-0.252955843	1.607480185	0.05	0.0020833
-0.240064983	1.610357294	0.05	0.0020833
-0.225644463	1.586106654	0.05	0.0020833
-0.216197847	1.608272623	0.05	0.0020833
-0.210831884	1.588653397	0.05	0.0020833
-0.210436218	1.589240412	0.05	0.0020833
-0.203286805	1.598776412	0.05	0.0020833
-0.201195567	1.60521088	0.05	0.0020833
-0.198359285	1.606771067	0.05	0.0020833
-0.192211657	1.609227491	0.05	0.0020833
-0.172783902	1.605476774	0.05	0.0020833
-0.170947	1.591669	0.05	0.0020833
-0.169844	1.579715	0.05	0.0020833
-0.151832	1.578085	0.05	0.0020833
-0.149967431	1.589227406	0.05	0.0020833
-0.149611	1.59727	0.05	0.0020833
-0.138309	1.603374	0.05	0.0020833
-0.135912	1.575053	0.05	0.0020833
-0.135721	1.58607	0.05	0.0020833
-0.135426	1.600721	0.05	0.0020833
-0.117758	1.592665	0.05	0.0020833
-0.084502	1.601275	0.05	0.0020833
0.083061	1.595241	0.05	0.0020833
0.121111	1.583756	0.05	0.0020833
0.126244	1.577253	0.05	0.0020833
0.131371	1.599826	0.05	0.0020833
0.132875	1.577123	0.05	0.0020833
0.139057	1.58139	0.05	0.0020833
0.161474	1.594408	0.05	0.0020833
0.161767	1.591966	0.05	0.0020833
0.171169	1.594031	0.05	0.0020833
0.171593	1.583916	0.05	0.0020833
0.194922	1.600038	0.05	0.0020833
0.195415	1.578503	0.05	0.0020833
0.196591	1.595121	0.05	0.0020833
0.198013	1.591718	0.05	0.0020833
0.199476	1.597421	0.05	0.0020833
0.200141	1.582542	0.05	0.0020833
0.202808	1.578169	0.05	0.0020833
0.227847	1.602505	0.05	0.0020833
0.243369	1.598714	0.05	0.0020833
0.250893	1.599213	0.05	0.0020833
0.254122	1.579682	0.05	0.0020833
0.256125	1.596157	0.05	0.0020833
0.258082	1.600472	0.05	0.0020833
0.274455	1.589137	0.05	0.0020833
0.27598	1.59403	0.05	0.0020833
0.282385	1.583818	0.05	0.0020833
0.283688	1.593849	0.05	0.0020833
0.284938	1.592273	0.05	0.0020833
0.28672	1.608243	0.05	0.0020833
0.301228	1.592951	0.05	0.0020833
0.309394953	1.57	0.05	0.0020833
0.312952629	1.58	0.05	0.0020833
0.318995303	1.64	0.05	0.0020833
0.322448085	1.61	0.05	0.0020833
0.33029857	1.59	0.05	0.0020833
0.33029857	1.59	0.05	0.0020833
0.333699515	1.59	0.05	0.0020833
0.333699515	1.59	0.05	0.0020833
0.340684317	1.62	0.05	0.0020833
0.34942073	1.59	0.05	0.0020833
0.351936794	1.58	0.05	0.0020833
0.362300725	1.61	0.05	0.0020833
0.363641835	1.6	0.05	0.0020833
0.367173506	1.63	0.05	0.0020833
0.380506065	1.6	0.05	0.0020833
0.387523504	1.61	0.05	0.0020833
0.391017301	1.59	0.05	0.0020833
0.397417767	1.61	0.05	0.0020833
0.404891435	1.64	0.05	0.0020833
0.411330124	1.58	0.05	0.0020833
0.418223994	1.6	0.05	0.0020833
0.428189118	1.62	0.05	0.0020833
0.433199779	1.63	0.05	0.0020833
0.445068357	1.57	0.05	0.0020833
0.451863267	1.62	0.05	0.0020833
0.461958069	1.63	0.05	0.0020833
0.468697652	1.61	0.05	0.0020833
0.478721418	1.62	0.05	0.0020833
0.483949024	1.6	0.05	0.0020833
0.48697	1.627363	0.05	0.0020833
0.511469	1.621054	0.05	0.0020833
0.548158	1.605346	0.05	0.0020833
0.576673	1.637952	0.05	0.0020833
0.584785	1.633036	0.05	0.0020833
0.589158	1.624529	0.05	0.0020833
0.641349	1.619802	0.05	0.0020833
0.673566	1.631865	0.05	0.0020833
0.677174611	1.63	0.05	0.0020833
0.677991	1.642606	0.05	0.0020833
0.687439	1.655488	0.05	0.0020833
0.701152972	1.65	0.05	0.0020833
0.712478	1.641358	0.05	0.0020833
0.716464558	1.64	0.05	0.0020833
0.728401	1.643435	0.05	0.0020833
0.732114737	1.65	0.05	0.0020833
0.752002398	1.65	0.05	0.0020833
0.778745707	1.68	0.05	0.0020833
0.803173314	1.66	0.05	0.0020833
0.832342803	1.67	0.05	0.0020833
0.854253997	1.69	0.05	0.0020833
0.883791052	1.67	0.05	0.0020833
0.924874671	1.68	0.05	0.0020833
0.974698718	1.69	0.05	0.0020833
1.012128494	1.71	0.05	0.0020833
1.056353529	1.72	0.05	0.0020833
1.116339746	1.7	0.05	0.0020833






